2001707180004045
2001707180004004
2001707180004002
2001707180004003
2001707180004005
2001707180004041
2001707180004039
2001707180004038
2001707180004032
2001707180004000
2001707180004031
2001707180004036
2001707180004047
2001707180004042
2001707180004034
2001707180003999
2001707180004046
2001707180004033
2001707180004040
2001707180004044
2001707180004037
2001707180004035
2001707180004006
2001707180004015
2001707180003997
2001707180004013
2001707180003994
2001707180003918
2001707180003998
2001707180003980
2001707180003969
2001707180003978
2001707180003996
2001707180003931
2001707180003974
2001707180003986
2001707180003975
2001707180004014
2001707180004001
2001707180003972
2001707180003977
2001707180004008
2001707180003991
2001707180003990
2001707180004010
2001707180003970
2001707180004016
2001707180003973
2001707180003976
2001707180003971
2001707180004011
2001707180004009
2001707180004017
2001707180003989
2001707180003968
2001707180003995
2001707180004043
2001707180004012
2001707180004018
2001707180004007
2001707180003863
2001707180003926
2001707180003905
2001707180003904
2001707180003922
2001707180003930
2001707180003921
2001707180003914
2001707180003858
2001707180003900
2001707180003909
2001707180003860
2001707180003906
2001707180003908
2001707180003916
2001707180003894
2001707180003925
2001707180003895
2001707180003928
2001707180003911
2001707180003927
2001707180003901
2001707180003919
2001707180003913
2001707180003856
2001707180003915
2001707180003910
2001707180003857
2001707180003898
2001707180003902
2001707180003923
2001707180003917
2001707180003920
2001707180003861
2001707180003862
2001707180003859
2001707180003924
2001707180003929
2001707180003912
2001707180003903